
<!DOCTYPE html>
<!--
Mostra un matrice delle tabelline 1 al 10 
Il programma chiede al utente un input? no
Gli output la matrice con le tabelline dentro una tabella dal 1 al 10
-->
<html>

<head>
    <meta charset='utf-8'>
    <title>Tabelline2</title>

</head>

<body>
    <script>
        //creo la matrice
        let matrice = new Array(10);
        for (let i = 0; i < 10; i++) {
            matrice[i] = new Array(10);

        }
        //creo la tabella
        document.write('<table id="myTable" tyle="width:100%" border="1">');
        //con il doppio for inserisco i numeri nella tabella
        for (let p = 0; p < 10; p++) {
            document.write('<tr>');
            for (let j = 0; j < 10; j++) {
                document.write('<td>');
                document.write(p*10+j+" ");
                document.write('</td>');
            }
            document.write('</tr>');
            /*
            es.
            1	2	3	4	5	6	7	8	9	10
            2	4	6	8	10	12	14	16	18	20
            3	6	9	12	15	18	21	24	27	30
            4	8	12	16	20	24	28	32	36	40
            5	10	15	20	25	30	35	40	45	50
            6	12	18	24	30	36	42	48	54	60
            7	14	21	28	35	42	49	56	63	70
            8	16	24	32	40	48	56	64	72	80
            9	18	27	36	45	54	63	72	81	90
            10	20	30	40	50	60	70	80	90	100
            */
        }

    </script>
</body>

</html>